# nothing

[/home/blank/test.pdf]
page=0
offset=0
scale=1.0392156862745099
rotate=0
pages-per-row=1
first-page-column=1:2
position-x=0.50157232704402521
position-y=0.37424058323207776
time=1579811942
jumplist=

[/tmp/vim-latex-live-preview-1jk08lsn/home/blank/a.pdf]
page=0
offset=0
scale=1.0392156862745099
rotate=0
pages-per-row=1
first-page-column=1:2
position-x=0.5
position-y=0.5
time=1579896938
jumplist=

[/home/blank/a.pdf]
page=0
offset=0
scale=1.0392156862745099
rotate=0
pages-per-row=1
first-page-column=1:2
position-x=0.5
position-y=0.5
time=1579896908
jumplist=

[/home/blank/latex/1.HowToReadPapers/summary.pdf]
page=0
offset=0
scale=1.5521102989695954
rotate=0
pages-per-row=1
first-page-column=1:2
position-x=0.49932840130521672
position-y=0.10245984956291929
time=1582144475
jumplist=0 0.5 0.5 0 0.49938543481764452 0.16578961080975002 0 0.5 0.83603896103896103 0 0.49932840130521672 0.16578961080975002 0 0.5 0.16578961080975002 0 0.49932840130521672 0.16578961080975002 0 0.60175879396984921 0.5 0 0.49932840130521672 0.16578961080975002 0 0.39824120603015079 0.5 0 0.49932840130521672 0.33107902726741756 0 0.49932840130521672 0.5 0 0.49932840130521672 0.21755609548453125 0 0.49932840130521672 0.33107902726741756 0 0.59673366834170849 0.49514563106796117 0 0.49932840130521672 0.21755609548453125 0 0.59673366834170849 0.49514563106796117 0 0.49932840130521672 0.21755609548453125 1 0.40326633165829151 0.57738961669092659 0 0.49932840130521672 0.24745269286754004 2 0.40326633165829151 0.75254730713245999 2 0.49932840130521672 0.72136174397460351 0 0.5 0.27246848312322069 0 0.49932840130521672 0.20740138267588451 0 0.4715789473684211 0.10367960967676357 0 0.49932840130521672 0.10245984956291929 

[/home/blank/latex/2.CS4500/PQX.pdf]
page=5
offset=0
scale=1.9487171000000014
rotate=0
pages-per-row=1
first-page-column=1:2
position-x=0.51002528748497
position-y=0.8311923398818909
time=1580773887
jumplist=0 0.5 0.5 0 0.50012874328204249 0.14200989537454278 2 0.34203296703296704 0.83344113842173351 0 0.50012874328204249 0.16655886157826649 2 0.56181318681318682 0.53916537526461727 0 0.50012874328204249 0.09992239037640667 2 0.5 0.59662398137368999 0 0.50012874328204249 0.09992239037640667 3 0.43818681318681318 0.64318975552968527 0 0.50012874328204249 0.09992239037640667 1 0.56181318681318682 0.18397811743238254 0 0.50012874328204249 0.083265966046887629 2 0.65796703296703296 0.46546371750097054 4 0.52105438985882091 0.90007760962359329 5 0.34203296703296704 0.66936586724806946 0 0.50012874328204249 0.062446950406208318 3 1.3186813186813187 0.69053162592161443 3 0.53946892397632296 0.77573777677333533 6 0.43155585919240591 0.8815386011986146 5 0.58706896551724141 0.80025668906008629 6 0.41293103448275864 0.92992400304669931 5 0.58706896551724141 0.7733753125424756 5 0.63575155786224102 0.78009569906109555 5 0.51002528748497 0.8311923398818909 

[/home/blank/latex/3.DauResume/resume.pdf]
page=0
offset=0
scale=1.2232779097387174
rotate=0
pages-per-row=1
first-page-column=1:2
position-x=0.50012874328204249
position-y=0.12040381193727329
time=1580280823
jumplist=0 0.65796703296703296 0.5 0 0.50012874328204249 0.093432552174547823 0 0.65796703296703296 0.5 0 0.50012874328204249 0.12499909389613639 0 0.65796703296703296 0.5 0 0.50012874328204249 0.12040381193727329 0 0.5 0.12040381193727329 0 0.50012874328204249 0.12040381193727329 

[/home/blank/latex/3.DauResume/resume1.pdf]
page=0
offset=0
scale=1.2232779097387174
rotate=0
pages-per-row=1
first-page-column=1:2
position-x=0.5
position-y=0.5
time=1580079377
jumplist=

[/home/blank/latex/4.PythonNumPy/summary.pdf]
page=9
offset=0
scale=1.6281828978622332
rotate=0
pages-per-row=1
first-page-column=1:2
position-x=0.50567595459236325
position-y=0.90225962494201772
time=1580430975
jumplist=0 0.5 0.5 0 0.50012874328204249 0.092852933956155292 1 0.49432404540763675 0.58256383015794411 1 0.50011222716255332 0.66752963558393086 1 0.50011222716255332 0.74335234578620124 2 0.49432404540763675 0.72782503037667068 2 0.50011222716255332 0.75681852071166023 6 0.49432404540763675 0.94637092575236903 0 0.50011222716255332 0.053629074247630949 1 0.50011222716255332 0.20774757888159928 6 0.5 0.9285714285714286 5 0.49432404540763675 0.72847380410022411 7 0.5 0.9375 0 0.50011222716255332 0.046924829157175399 7 0.5 0.9375 4 0.49432404540763675 0.54709646067870854 8 0.5 0.94444444444444442 0 0.5252837977296182 0.040454843647496172 9 0.5 0.94999999999999996 1 0.50567595459236325 0.13163860339674921 9 0.5 0.94999999999999996 9 0.5 0.95583132881405342 0 0.5 0.050000000000000003 9 0.5 0.94999999999999996 6 0.49432404540763675 0.56033397389171746 10 0.50011222716255332 0.96587369955602675 10 0.50011222716255332 0.96057252667152604 0 0.5 0.045454545454545456 10 0.5 0.95454545454545459 10 0.5 0.96587369955602675 0 0.5 0.045454545454545456 0 0.5 0.048105131896795807 10 0.5 0.95454545454545459 10 0.5 0.95719604098770494 0 0.5 0.045454545454545456 10 0.49432404540763675 0.95792194022927568 10 0.50011222716255332 0.96587369955602675 

[/home/blank/latex/5.FocusReport/report.pdf]
page=2
offset=0
scale=1.6105100000000008
rotate=0
pages-per-row=1
first-page-column=1:2
position-x=0.49947862356621481
position-y=0.71155857356406471
time=1580585871
jumplist=0 0.65796703296703296 0.5 0 0.50012874328204249 0.32922269782657582 0 0.34203296703296704 0.5 0 0.50012874328204249 0.29823565086672821 2 0.49947862356621481 0.81017323995576851 2 0.49984215430732087 0.71155857356406471 

[/home/blank/latex/6.EndtoEndToEnd/summary.pdf]
page=0
offset=0
scale=1.2232779097387174
rotate=0
pages-per-row=1
first-page-column=1:2
position-x=0.50012874328204249
position-y=0.32090353229549889
time=1580614898
jumplist=0 0.5 0.5 0 0.50012874328204249 0.14401159886792836 0 0.34203296703296704 0.24987869966035905 0 0.50012874328204249 0.32090353229549889 

[/home/blank/latex/2.CS4500/1.MiniLectureQuiz/MLQX.pdf]
page=0
offset=0
scale=1.0689075630252101
rotate=0
pages-per-row=1
first-page-column=1:2
position-x=0.5
position-y=0.57222222222222219
time=1580774989
jumplist=0 0.5 0.5 0 0.52116151697495405 0.34370259883891296 

[/home/blank/Documents/4390-DeepLearning/Homeworks/2.DataRepresentations/summary.pdf]
page=1
offset=0
scale=1.5089334655842972
rotate=0
pages-per-row=1
first-page-column=1:2
position-x=0.46659242761692654
position-y=0.56119637937819722
time=1580947779
jumplist=0 0.5 0.5 0 0.50012874328204249 0.25939539237713305 1 0.5 0.50177095631641055 1 0.50012874328204249 0.79732388823297917 1 0.5 0.62770562770562766 1 0.50012874328204249 0.79732388823297917 

[/home/blank/Documents/4390-DeepLearning/Presentations/1.EndtoEndtoEnd/summary.pdf]
page=0
offset=0
scale=1.593406175771972
rotate=0
pages-per-row=1
first-page-column=1:2
position-x=0.5
position-y=0.18784942228848303
time=1581388729
jumplist=0 0.65988779803646569 0.5 0 0.49974329022753777 0.1440109487384062 0 0.5 0.5 0 0.52263924247368909 0.3410600327539331 1 0.48050579557428874 0.61443346304778101 0 0.49974487002719098 0.18784942228848303 0 0.49578503688092729 0.33693626537458066 0 0.49974487002719098 0.18784942228848303 1 0.49974487002719098 0.67983600447260573 0 0.49974487002719098 0.18784942228848303 1 0.49974487002719098 0.65001863585538611 0 0.49974487002719098 0.18784942228848303 1 0.49974487002719098 0.62020126723816649 0 0.49974487002719098 0.18784942228848303 0 0.50421496311907266 0.37583892617449666 0 0.49974487002719098 0.14408053792168923 1 0.49578503688092729 0.70778978755124822 0 0.49974487002719098 0.18784942228848303 

[/home/blank/Documents/4500-SoftwareProfession/Quizzes/2.PracticeQuiz/PQX.pdf]
page=13
offset=0
scale=1.6105100000000008
rotate=0
pages-per-row=1
first-page-column=1:2
position-x=0.50052137643378525
position-y=0.92272775805288887
time=1581733283
jumplist=0 0.5 0.071428571428571425 6 0.49974329022753777 0.9286321155480034 1 0.5 0.18887665198237902 0 0.49974329022753777 0.055506607929515416 10 0.5 0.96334194924691197 9 0.58275261324041816 0.83440978457234793 9 0.71951780792114994 0.89173849873859856 9 0.4172473867595819 0.87161985425192956 10 0.24210182116405882 0.93348622614135068 9 0.39630494136606104 0.84425939144192519 9 0.48450007991216887 0.87589953736301929 9 0.58275261324041816 0.83013020939505833 10 0.45141915246220998 0.91757171110564273 7 0.49691743941193633 0.66542655060302836 9 0.4172473867595819 0.83997981626463558 9 0.21000939163312454 0.89173849873859856 10 0.21000939163312454 0.92316332955796709 0 0.5 0.045454545454545456 10 0.5 0.95454545454545459 11 0.5 0.89077006361977085 11 0.49947862356621481 0.90756548927856484 12 0.49947862356621481 0.90756548927856484 13 0.5207558098524333 0.97346949518345005 14 1.0010427528675705 0.93358614273942775 13 0.36133713297588688 0.90601592764707184 13 0.4739946810216778 0.92682690716657656 13 0.36598495782681789 0.90601592764707184 13 0.36928427769940103 0.90601592764707184 13 0.16491682393596713 0.9195746272923504 2 0.28537929145879221 0.17392438187097542 13 0.50052137643378525 0.92272775805288887 

[/home/blank/Documents/4500-SoftwareProfession/Quizzes/1.MiniLectureQuiz/MLQX.pdf]
page=1
offset=0
scale=1.1971496437054632
rotate=0
pages-per-row=1
first-page-column=1:2
position-x=0.46455182748098334
position-y=0.75012394645513136
time=1581482845
jumplist=1 0.65988779803646569 0.50780862667327753 1 0.49975690084798491 0.74288764966290655 1 0.34011220196353431 0.75012394645513136 1 0.52065280924816426 0.90749975023177376 1 0.43899018232819076 0.64650470996529508 1 0.52065280924816426 0.75012394645513136 
